=== Run information ===

Scheme:       weka.classifiers.bayes.NaiveBayes 
Relation:     ecoli_final
Instances:    336
Attributes:   9
              Sequence Name
              mcg
              gvh
              lip
              chg
              acc
              alm1
              alm2
              localization site
Test mode:    10-fold cross-validation

=== Classifier model (full training set) ===

Naive Bayes Classifier

                  Class
Attribute            cp      im     imS     imL     imU      om     omL      pp
                 (0.42)  (0.23)  (0.01)  (0.01)   (0.1)  (0.06)  (0.02)  (0.15)
================================================================================
Sequence Name
  AAT_ECOLI          2.0     1.0     1.0     1.0     1.0     1.0     1.0     1.0
  ACEA_ECOLI         2.0     1.0     1.0     1.0     1.0     1.0     1.0     1.0
  ACEK_ECOLI         2.0     1.0     1.0     1.0     1.0     1.0     1.0     1.0
  ACKA_ECOLI         2.0     1.0     1.0     1.0     1.0     1.0     1.0     1.0
  ADI_ECOLI          2.0     1.0     1.0     1.0     1.0     1.0     1.0     1.0
  ALKH_ECOLI         2.0     1.0     1.0     1.0     1.0     1.0     1.0     1.0
  AMPD_ECOLI         2.0     1.0     1.0     1.0     1.0     1.0     1.0     1.0
  AMY2_ECOLI         2.0     1.0     1.0     1.0     1.0     1.0     1.0     1.0
  APT_ECOLI          2.0     1.0     1.0     1.0     1.0     1.0     1.0     1.0
  ARAC_ECOLI         2.0     1.0     1.0     1.0     1.0     1.0     1.0     1.0
  ASG1_ECOLI         2.0     1.0     1.0     1.0     1.0     1.0     1.0     1.0
  BTUR_ECOLI         2.0     1.0     1.0     1.0     1.0     1.0     1.0     1.0
  CAFA_ECOLI         2.0     1.0     1.0     1.0     1.0     1.0     1.0     1.0
  CAIB_ECOLI         2.0     1.0     1.0     1.0     1.0     1.0     1.0     1.0
  CFA_ECOLI          2.0     1.0     1.0     1.0     1.0     1.0     1.0     1.0
  CHEA_ECOLI         2.0     1.0     1.0     1.0     1.0     1.0     1.0     1.0
  CHEB_ECOLI         2.0     1.0     1.0     1.0     1.0     1.0     1.0     1.0
  CHEW_ECOLI         2.0     1.0     1.0     1.0     1.0     1.0     1.0     1.0
  CHEY_ECOLI         2.0     1.0     1.0     1.0     1.0     1.0     1.0     1.0
  CHEZ_ECOLI         2.0     1.0     1.0     1.0     1.0     1.0     1.0     1.0
  CRL_ECOLI          2.0     1.0     1.0     1.0     1.0     1.0     1.0     1.0
  CSPA_ECOLI         2.0     1.0     1.0     1.0     1.0     1.0     1.0     1.0
  CYNR_ECOLI         2.0     1.0     1.0     1.0     1.0     1.0     1.0     1.0
  CYPB_ECOLI         2.0     1.0     1.0     1.0     1.0     1.0     1.0     1.0
  CYPC_ECOLI         2.0     1.0     1.0     1.0     1.0     1.0     1.0     1.0
  CYSB_ECOLI         2.0     1.0     1.0     1.0     1.0     1.0     1.0     1.0
  CYSE_ECOLI         2.0     1.0     1.0     1.0     1.0     1.0     1.0     1.0
  DAPD_ECOLI         2.0     1.0     1.0     1.0     1.0     1.0     1.0     1.0
  DCP_ECOLI          2.0     1.0     1.0     1.0     1.0     1.0     1.0     1.0
  DDLA_ECOLI         2.0     1.0     1.0     1.0     1.0     1.0     1.0     1.0
  DDLB_ECOLI         2.0     1.0     1.0     1.0     1.0     1.0     1.0     1.0
  DEOC_ECOLI         2.0     1.0     1.0     1.0     1.0     1.0     1.0     1.0
  DLDH_ECOLI         2.0     1.0     1.0     1.0     1.0     1.0     1.0     1.0
  EFG_ECOLI          2.0     1.0     1.0     1.0     1.0     1.0     1.0     1.0
  EFTS_ECOLI         2.0     1.0     1.0     1.0     1.0     1.0     1.0     1.0
  EFTU_ECOLI         2.0     1.0     1.0     1.0     1.0     1.0     1.0     1.0
  ENO_ECOLI          2.0     1.0     1.0     1.0     1.0     1.0     1.0     1.0
  FABB_ECOLI         2.0     1.0     1.0     1.0     1.0     1.0     1.0     1.0
  FES_ECOLI          2.0     1.0     1.0     1.0     1.0     1.0     1.0     1.0
  G3P1_ECOLI         2.0     1.0     1.0     1.0     1.0     1.0     1.0     1.0
  G3P2_ECOLI         2.0     1.0     1.0     1.0     1.0     1.0     1.0     1.0
  G6PI_ECOLI         2.0     1.0     1.0     1.0     1.0     1.0     1.0     1.0
  GCVA_ECOLI         2.0     1.0     1.0     1.0     1.0     1.0     1.0     1.0
  GLNA_ECOLI         2.0     1.0     1.0     1.0     1.0     1.0     1.0     1.0
  GLPD_ECOLI         2.0     1.0     1.0     1.0     1.0     1.0     1.0     1.0
  GLYA_ECOLI         2.0     1.0     1.0     1.0     1.0     1.0     1.0     1.0
  GSHR_ECOLI         2.0     1.0     1.0     1.0     1.0     1.0     1.0     1.0
  GT_ECOLI           2.0     1.0     1.0     1.0     1.0     1.0     1.0     1.0
  HEM6_ECOLI         2.0     1.0     1.0     1.0     1.0     1.0     1.0     1.0
  HEMN_ECOLI         2.0     1.0     1.0     1.0     1.0     1.0     1.0     1.0
  HPRT_ECOLI         2.0     1.0     1.0     1.0     1.0     1.0     1.0     1.0
  IF1_ECOLI          2.0     1.0     1.0     1.0     1.0     1.0     1.0     1.0
  IF2_ECOLI          2.0     1.0     1.0     1.0     1.0     1.0     1.0     1.0
  ILVY_ECOLI         2.0     1.0     1.0     1.0     1.0     1.0     1.0     1.0
  IPYR_ECOLI         2.0     1.0     1.0     1.0     1.0     1.0     1.0     1.0
  KAD_ECOLI          2.0     1.0     1.0     1.0     1.0     1.0     1.0     1.0
  KDSA_ECOLI         2.0     1.0     1.0     1.0     1.0     1.0     1.0     1.0
  LEU3_ECOLI         2.0     1.0     1.0     1.0     1.0     1.0     1.0     1.0
  LON_ECOLI          2.0     1.0     1.0     1.0     1.0     1.0     1.0     1.0
  LPLA_ECOLI         2.0     1.0     1.0     1.0     1.0     1.0     1.0     1.0
  LYSR_ECOLI         2.0     1.0     1.0     1.0     1.0     1.0     1.0     1.0
  MALQ_ECOLI         2.0     1.0     1.0     1.0     1.0     1.0     1.0     1.0
  MALZ_ECOLI         2.0     1.0     1.0     1.0     1.0     1.0     1.0     1.0
  MASY_ECOLI         2.0     1.0     1.0     1.0     1.0     1.0     1.0     1.0
  METB_ECOLI         2.0     1.0     1.0     1.0     1.0     1.0     1.0     1.0
  METC_ECOLI         2.0     1.0     1.0     1.0     1.0     1.0     1.0     1.0
  METK_ECOLI         2.0     1.0     1.0     1.0     1.0     1.0     1.0     1.0
  METR_ECOLI         2.0     1.0     1.0     1.0     1.0     1.0     1.0     1.0
  METX_ECOLI         2.0     1.0     1.0     1.0     1.0     1.0     1.0     1.0
  MURF_ECOLI         2.0     1.0     1.0     1.0     1.0     1.0     1.0     1.0
  NADA_ECOLI         2.0     1.0     1.0     1.0     1.0     1.0     1.0     1.0
  NFRC_ECOLI         2.0     1.0     1.0     1.0     1.0     1.0     1.0     1.0
  NHAR_ECOLI         2.0     1.0     1.0     1.0     1.0     1.0     1.0     1.0
  NIRD_ECOLI         2.0     1.0     1.0     1.0     1.0     1.0     1.0     1.0
  OMPR_ECOLI         2.0     1.0     1.0     1.0     1.0     1.0     1.0     1.0
  OTC1_ECOLI         2.0     1.0     1.0     1.0     1.0     1.0     1.0     1.0
  OTC2_ECOLI         2.0     1.0     1.0     1.0     1.0     1.0     1.0     1.0
  PEPE_ECOLI         2.0     1.0     1.0     1.0     1.0     1.0     1.0     1.0
  PFLA_ECOLI         2.0     1.0     1.0     1.0     1.0     1.0     1.0     1.0
  PFLB_ECOLI         2.0     1.0     1.0     1.0     1.0     1.0     1.0     1.0
  PGK_ECOLI          2.0     1.0     1.0     1.0     1.0     1.0     1.0     1.0
  PHOB_ECOLI         2.0     1.0     1.0     1.0     1.0     1.0     1.0     1.0
  PHOH_ECOLI         2.0     1.0     1.0     1.0     1.0     1.0     1.0     1.0
  PMBA_ECOLI         2.0     1.0     1.0     1.0     1.0     1.0     1.0     1.0
  PNP_ECOLI          2.0     1.0     1.0     1.0     1.0     1.0     1.0     1.0
  PROB_ECOLI         2.0     1.0     1.0     1.0     1.0     1.0     1.0     1.0
  PT1A_ECOLI         2.0     1.0     1.0     1.0     1.0     1.0     1.0     1.0
  PT1_ECOLI          2.0     1.0     1.0     1.0     1.0     1.0     1.0     1.0
  PTCA_ECOLI         2.0     1.0     1.0     1.0     1.0     1.0     1.0     1.0
  PTCB_ECOLI         2.0     1.0     1.0     1.0     1.0     1.0     1.0     1.0
  PTFA_ECOLI         2.0     1.0     1.0     1.0     1.0     1.0     1.0     1.0
  PTGA_ECOLI         2.0     1.0     1.0     1.0     1.0     1.0     1.0     1.0
  PTHA_ECOLI         2.0     1.0     1.0     1.0     1.0     1.0     1.0     1.0
  PTHP_ECOLI         2.0     1.0     1.0     1.0     1.0     1.0     1.0     1.0
  PTKA_ECOLI         2.0     1.0     1.0     1.0     1.0     1.0     1.0     1.0
  PTKB_ECOLI         2.0     1.0     1.0     1.0     1.0     1.0     1.0     1.0
  PTNA_ECOLI         2.0     1.0     1.0     1.0     1.0     1.0     1.0     1.0
  PTWB_ECOLI         2.0     1.0     1.0     1.0     1.0     1.0     1.0     1.0
  PTWX_ECOLI         2.0     1.0     1.0     1.0     1.0     1.0     1.0     1.0
  RHAR_ECOLI         2.0     1.0     1.0     1.0     1.0     1.0     1.0     1.0
  RHAS_ECOLI         2.0     1.0     1.0     1.0     1.0     1.0     1.0     1.0
  RIMI_ECOLI         2.0     1.0     1.0     1.0     1.0     1.0     1.0     1.0
  RIMJ_ECOLI         2.0     1.0     1.0     1.0     1.0     1.0     1.0     1.0
  RIML_ECOLI         2.0     1.0     1.0     1.0     1.0     1.0     1.0     1.0
  RNB_ECOLI          2.0     1.0     1.0     1.0     1.0     1.0     1.0     1.0
  RNC_ECOLI          2.0     1.0     1.0     1.0     1.0     1.0     1.0     1.0
  RND_ECOLI          2.0     1.0     1.0     1.0     1.0     1.0     1.0     1.0
  RNE_ECOLI          2.0     1.0     1.0     1.0     1.0     1.0     1.0     1.0
  SERC_ECOLI         2.0     1.0     1.0     1.0     1.0     1.0     1.0     1.0
  SLYD_ECOLI         2.0     1.0     1.0     1.0     1.0     1.0     1.0     1.0
  SOXS_ECOLI         2.0     1.0     1.0     1.0     1.0     1.0     1.0     1.0
  SYA_ECOLI          2.0     1.0     1.0     1.0     1.0     1.0     1.0     1.0
  SYC_ECOLI          2.0     1.0     1.0     1.0     1.0     1.0     1.0     1.0
  SYD_ECOLI          2.0     1.0     1.0     1.0     1.0     1.0     1.0     1.0
  SYE_ECOLI          2.0     1.0     1.0     1.0     1.0     1.0     1.0     1.0
  SYFA_ECOLI         2.0     1.0     1.0     1.0     1.0     1.0     1.0     1.0
  SYFB_ECOLI         2.0     1.0     1.0     1.0     1.0     1.0     1.0     1.0
  SYGA_ECOLI         2.0     1.0     1.0     1.0     1.0     1.0     1.0     1.0
  SYGB_ECOLI         2.0     1.0     1.0     1.0     1.0     1.0     1.0     1.0
  SYH_ECOLI          2.0     1.0     1.0     1.0     1.0     1.0     1.0     1.0
  SYI_ECOLI          2.0     1.0     1.0     1.0     1.0     1.0     1.0     1.0
  SYK1_ECOLI         2.0     1.0     1.0     1.0     1.0     1.0     1.0     1.0
  SYK2_ECOLI         2.0     1.0     1.0     1.0     1.0     1.0     1.0     1.0
  SYL_ECOLI          2.0     1.0     1.0     1.0     1.0     1.0     1.0     1.0
  SYM_ECOLI          2.0     1.0     1.0     1.0     1.0     1.0     1.0     1.0
  SYP_ECOLI          2.0     1.0     1.0     1.0     1.0     1.0     1.0     1.0
  SYQ_ECOLI          2.0     1.0     1.0     1.0     1.0     1.0     1.0     1.0
  SYR_ECOLI          2.0     1.0     1.0     1.0     1.0     1.0     1.0     1.0
  SYS_ECOLI          2.0     1.0     1.0     1.0     1.0     1.0     1.0     1.0
  SYT_ECOLI          2.0     1.0     1.0     1.0     1.0     1.0     1.0     1.0
  SYV_ECOLI          2.0     1.0     1.0     1.0     1.0     1.0     1.0     1.0
  SYW_ECOLI          2.0     1.0     1.0     1.0     1.0     1.0     1.0     1.0
  SYY_ECOLI          2.0     1.0     1.0     1.0     1.0     1.0     1.0     1.0
  THGA_ECOLI         2.0     1.0     1.0     1.0     1.0     1.0     1.0     1.0
  THIK_ECOLI         2.0     1.0     1.0     1.0     1.0     1.0     1.0     1.0
  TYRB_ECOLI         2.0     1.0     1.0     1.0     1.0     1.0     1.0     1.0
  UBIC_ECOLI         2.0     1.0     1.0     1.0     1.0     1.0     1.0     1.0
  UGPQ_ECOLI         2.0     1.0     1.0     1.0     1.0     1.0     1.0     1.0
  USPA_ECOLI         2.0     1.0     1.0     1.0     1.0     1.0     1.0     1.0
  UVRB_ECOLI         2.0     1.0     1.0     1.0     1.0     1.0     1.0     1.0
  UVRC_ECOLI         2.0     1.0     1.0     1.0     1.0     1.0     1.0     1.0
  XGPT_ECOLI         2.0     1.0     1.0     1.0     1.0     1.0     1.0     1.0
  XYLA_ECOLI         2.0     1.0     1.0     1.0     1.0     1.0     1.0     1.0
  EMRA_ECOLI         1.0     2.0     1.0     1.0     1.0     1.0     1.0     1.0
  AAS_ECOLI          1.0     2.0     1.0     1.0     1.0     1.0     1.0     1.0
  AMPE_ECOLI         1.0     2.0     1.0     1.0     1.0     1.0     1.0     1.0
  ARAE_ECOLI         1.0     2.0     1.0     1.0     1.0     1.0     1.0     1.0
  ARAH_ECOLI         1.0     2.0     1.0     1.0     1.0     1.0     1.0     1.0
  AROP_ECOLI         1.0     2.0     1.0     1.0     1.0     1.0     1.0     1.0
  ATKB_ECOLI         1.0     2.0     1.0     1.0     1.0     1.0     1.0     1.0
  ATP6_ECOLI         1.0     2.0     1.0     1.0     1.0     1.0     1.0     1.0
  BETT_ECOLI         1.0     2.0     1.0     1.0     1.0     1.0     1.0     1.0
  CODB_ECOLI         1.0     2.0     1.0     1.0     1.0     1.0     1.0     1.0
  CYDA_ECOLI         1.0     2.0     1.0     1.0     1.0     1.0     1.0     1.0
  CYOC_ECOLI         1.0     2.0     1.0     1.0     1.0     1.0     1.0     1.0
  CYOD_ECOLI         1.0     2.0     1.0     1.0     1.0     1.0     1.0     1.0
  DCTA_ECOLI         1.0     2.0     1.0     1.0     1.0     1.0     1.0     1.0
  DHG_ECOLI          1.0     2.0     1.0     1.0     1.0     1.0     1.0     1.0
  DHSC_ECOLI         1.0     2.0     1.0     1.0     1.0     1.0     1.0     1.0
  DHSD_ECOLI         1.0     2.0     1.0     1.0     1.0     1.0     1.0     1.0
  DPPC_ECOLI         1.0     2.0     1.0     1.0     1.0     1.0     1.0     1.0
  DSBB_ECOLI         1.0     2.0     1.0     1.0     1.0     1.0     1.0     1.0
  ENVZ_ECOLI         1.0     2.0     1.0     1.0     1.0     1.0     1.0     1.0
  EXBB_ECOLI         1.0     2.0     1.0     1.0     1.0     1.0     1.0     1.0
  FRDC_ECOLI         1.0     2.0     1.0     1.0     1.0     1.0     1.0     1.0
  FRDD_ECOLI         1.0     2.0     1.0     1.0     1.0     1.0     1.0     1.0
  FTSW_ECOLI         1.0     2.0     1.0     1.0     1.0     1.0     1.0     1.0
  GABP_ECOLI         1.0     2.0     1.0     1.0     1.0     1.0     1.0     1.0
  GALP_ECOLI         1.0     2.0     1.0     1.0     1.0     1.0     1.0     1.0
  GLNP_ECOLI         1.0     2.0     1.0     1.0     1.0     1.0     1.0     1.0
  GLPT_ECOLI         1.0     2.0     1.0     1.0     1.0     1.0     1.0     1.0
  GLTP_ECOLI         1.0     2.0     1.0     1.0     1.0     1.0     1.0     1.0
  KDGL_ECOLI         1.0     2.0     1.0     1.0     1.0     1.0     1.0     1.0
  KGTP_ECOLI         1.0     2.0     1.0     1.0     1.0     1.0     1.0     1.0
  LACY_ECOLI         1.0     2.0     1.0     1.0     1.0     1.0     1.0     1.0
  LGT_ECOLI          1.0     2.0     1.0     1.0     1.0     1.0     1.0     1.0
  LLDP_ECOLI         1.0     2.0     1.0     1.0     1.0     1.0     1.0     1.0
  LNT_ECOLI          1.0     2.0     1.0     1.0     1.0     1.0     1.0     1.0
  LSPA_ECOLI         1.0     2.0     1.0     1.0     1.0     1.0     1.0     1.0
  LYSP_ECOLI         1.0     2.0     1.0     1.0     1.0     1.0     1.0     1.0
  MALF_ECOLI         1.0     2.0     1.0     1.0     1.0     1.0     1.0     1.0
  MALG_ECOLI         1.0     2.0     1.0     1.0     1.0     1.0     1.0     1.0
  MCP3_ECOLI         1.0     2.0     1.0     1.0     1.0     1.0     1.0     1.0
  MSBB_ECOLI         1.0     2.0     1.0     1.0     1.0     1.0     1.0     1.0
  MTR_ECOLI          1.0     2.0     1.0     1.0     1.0     1.0     1.0     1.0
  NANT_ECOLI         1.0     2.0     1.0     1.0     1.0     1.0     1.0     1.0
  NHAA_ECOLI         1.0     2.0     1.0     1.0     1.0     1.0     1.0     1.0
  NHAB_ECOLI         1.0     2.0     1.0     1.0     1.0     1.0     1.0     1.0
  PHEP_ECOLI         1.0     2.0     1.0     1.0     1.0     1.0     1.0     1.0
  PHOR_ECOLI         1.0     2.0     1.0     1.0     1.0     1.0     1.0     1.0
  PNTA_ECOLI         1.0     2.0     1.0     1.0     1.0     1.0     1.0     1.0
  POTE_ECOLI         1.0     2.0     1.0     1.0     1.0     1.0     1.0     1.0
  PROP_ECOLI         1.0     2.0     1.0     1.0     1.0     1.0     1.0     1.0
  PSTA_ECOLI         1.0     2.0     1.0     1.0     1.0     1.0     1.0     1.0
  PSTC_ECOLI         1.0     2.0     1.0     1.0     1.0     1.0     1.0     1.0
  PTAA_ECOLI         1.0     2.0     1.0     1.0     1.0     1.0     1.0     1.0
  PTBA_ECOLI         1.0     2.0     1.0     1.0     1.0     1.0     1.0     1.0
  PTCC_ECOLI         1.0     2.0     1.0     1.0     1.0     1.0     1.0     1.0
  PTDA_ECOLI         1.0     2.0     1.0     1.0     1.0     1.0     1.0     1.0
  PTFB_ECOLI         1.0     2.0     1.0     1.0     1.0     1.0     1.0     1.0
  PTGB_ECOLI         1.0     2.0     1.0     1.0     1.0     1.0     1.0     1.0
  PTHB_ECOLI         1.0     2.0     1.0     1.0     1.0     1.0     1.0     1.0
  PTMA_ECOLI         1.0     2.0     1.0     1.0     1.0     1.0     1.0     1.0
  PTOA_ECOLI         1.0     2.0     1.0     1.0     1.0     1.0     1.0     1.0
  PTTB_ECOLI         1.0     2.0     1.0     1.0     1.0     1.0     1.0     1.0
  RODA_ECOLI         1.0     2.0     1.0     1.0     1.0     1.0     1.0     1.0
  SECE_ECOLI         1.0     2.0     1.0     1.0     1.0     1.0     1.0     1.0
  SECF_ECOLI         1.0     2.0     1.0     1.0     1.0     1.0     1.0     1.0
  SECY_ECOLI         1.0     2.0     1.0     1.0     1.0     1.0     1.0     1.0
  TNAB_ECOLI         1.0     2.0     1.0     1.0     1.0     1.0     1.0     1.0
  XYLE_ECOLI         1.0     2.0     1.0     1.0     1.0     1.0     1.0     1.0
  YCEE_ECOLI         1.0     2.0     1.0     1.0     1.0     1.0     1.0     1.0
  EXBD_ECOLI         1.0     2.0     1.0     1.0     1.0     1.0     1.0     1.0
  FTSL_ECOLI         1.0     2.0     1.0     1.0     1.0     1.0     1.0     1.0
  FTSN_ECOLI         1.0     2.0     1.0     1.0     1.0     1.0     1.0     1.0
  FTSQ_ECOLI         1.0     2.0     1.0     1.0     1.0     1.0     1.0     1.0
  MOTB_ECOLI         1.0     2.0     1.0     1.0     1.0     1.0     1.0     1.0
  TOLA_ECOLI         1.0     2.0     1.0     1.0     1.0     1.0     1.0     1.0
  TOLQ_ECOLI         1.0     2.0     1.0     1.0     1.0     1.0     1.0     1.0
  EMRB_ECOLI         1.0     2.0     1.0     1.0     1.0     1.0     1.0     1.0
  ATKC_ECOLI         1.0     1.0     2.0     1.0     1.0     1.0     1.0     1.0
  NFRB_ECOLI         1.0     1.0     2.0     1.0     1.0     1.0     1.0     1.0
  NLPA_ECOLI         1.0     1.0     1.0     2.0     1.0     1.0     1.0     1.0
  CYOA_ECOLI         1.0     1.0     1.0     2.0     1.0     1.0     1.0     1.0
  ATKA_ECOLI         1.0     1.0     1.0     1.0     2.0     1.0     1.0     1.0
  BCR_ECOLI          1.0     1.0     1.0     1.0     2.0     1.0     1.0     1.0
  CADB_ECOLI         1.0     1.0     1.0     1.0     2.0     1.0     1.0     1.0
  CAIT_ECOLI         1.0     1.0     1.0     1.0     2.0     1.0     1.0     1.0
  CPXA_ECOLI         1.0     1.0     1.0     1.0     2.0     1.0     1.0     1.0
  CRED_ECOLI         1.0     1.0     1.0     1.0     2.0     1.0     1.0     1.0
  CYDB_ECOLI         1.0     1.0     1.0     1.0     2.0     1.0     1.0     1.0
  CYOB_ECOLI         1.0     1.0     1.0     1.0     2.0     1.0     1.0     1.0
  CYOE_ECOLI         1.0     1.0     1.0     1.0     2.0     1.0     1.0     1.0
  DMSC_ECOLI         1.0     1.0     1.0     1.0     2.0     1.0     1.0     1.0
  DPPB_ECOLI         1.0     1.0     1.0     1.0     2.0     1.0     1.0     1.0
  DSBD_ECOLI         1.0     1.0     1.0     1.0     2.0     1.0     1.0     1.0
  FEPD_ECOLI         1.0     1.0     1.0     1.0     2.0     1.0     1.0     1.0
  FEPG_ECOLI         1.0     1.0     1.0     1.0     2.0     1.0     1.0     1.0
  FTSH_ECOLI         1.0     1.0     1.0     1.0     2.0     1.0     1.0     1.0
  GLTS_ECOLI         1.0     1.0     1.0     1.0     2.0     1.0     1.0     1.0
  KEFC_ECOLI         1.0     1.0     1.0     1.0     2.0     1.0     1.0     1.0
  KUP_ECOLI          1.0     1.0     1.0     1.0     2.0     1.0     1.0     1.0
  MCP1_ECOLI         1.0     1.0     1.0     1.0     2.0     1.0     1.0     1.0
  MCP2_ECOLI         1.0     1.0     1.0     1.0     2.0     1.0     1.0     1.0
  MCP4_ECOLI         1.0     1.0     1.0     1.0     2.0     1.0     1.0     1.0
  MELB_ECOLI         1.0     1.0     1.0     1.0     2.0     1.0     1.0     1.0
  MOTA_ECOLI         1.0     1.0     1.0     1.0     2.0     1.0     1.0     1.0
  NUPC_ECOLI         1.0     1.0     1.0     1.0     2.0     1.0     1.0     1.0
  NUPG_ECOLI         1.0     1.0     1.0     1.0     2.0     1.0     1.0     1.0
  PNTB_ECOLI         1.0     1.0     1.0     1.0     2.0     1.0     1.0     1.0
  PTKC_ECOLI         1.0     1.0     1.0     1.0     2.0     1.0     1.0     1.0
  RHAT_ECOLI         1.0     1.0     1.0     1.0     2.0     1.0     1.0     1.0
  SECD_ECOLI         1.0     1.0     1.0     1.0     2.0     1.0     1.0     1.0
  SECG_ECOLI         1.0     1.0     1.0     1.0     2.0     1.0     1.0     1.0
  TEHA_ECOLI         1.0     1.0     1.0     1.0     2.0     1.0     1.0     1.0
  TYRP_ECOLI         1.0     1.0     1.0     1.0     2.0     1.0     1.0     1.0
  UHPB_ECOLI         1.0     1.0     1.0     1.0     2.0     1.0     1.0     1.0
  TONB_ECOLI         1.0     1.0     1.0     1.0     2.0     1.0     1.0     1.0
  LEP_ECOLI          1.0     1.0     1.0     1.0     2.0     1.0     1.0     1.0
  FADL_ECOLI         1.0     1.0     1.0     1.0     1.0     2.0     1.0     1.0
  FHUA_ECOLI         1.0     1.0     1.0     1.0     1.0     2.0     1.0     1.0
  LAMB_ECOLI         1.0     1.0     1.0     1.0     1.0     2.0     1.0     1.0
  NFRA_ECOLI         1.0     1.0     1.0     1.0     1.0     2.0     1.0     1.0
  NMPC_ECOLI         1.0     1.0     1.0     1.0     1.0     2.0     1.0     1.0
  OMPA_ECOLI         1.0     1.0     1.0     1.0     1.0     2.0     1.0     1.0
  OMPC_ECOLI         1.0     1.0     1.0     1.0     1.0     2.0     1.0     1.0
  OMPF_ECOLI         1.0     1.0     1.0     1.0     1.0     2.0     1.0     1.0
  OMPX_ECOLI         1.0     1.0     1.0     1.0     1.0     2.0     1.0     1.0
  PHOE_ECOLI         1.0     1.0     1.0     1.0     1.0     2.0     1.0     1.0
  TSX_ECOLI          1.0     1.0     1.0     1.0     1.0     2.0     1.0     1.0
  BTUB_ECOLI         1.0     1.0     1.0     1.0     1.0     2.0     1.0     1.0
  CIRA_ECOLI         1.0     1.0     1.0     1.0     1.0     2.0     1.0     1.0
  FECA_ECOLI         1.0     1.0     1.0     1.0     1.0     2.0     1.0     1.0
  FEPA_ECOLI         1.0     1.0     1.0     1.0     1.0     2.0     1.0     1.0
  FHUE_ECOLI         1.0     1.0     1.0     1.0     1.0     2.0     1.0     1.0
  OMPP_ECOLI         1.0     1.0     1.0     1.0     1.0     2.0     1.0     1.0
  OMPT_ECOLI         1.0     1.0     1.0     1.0     1.0     2.0     1.0     1.0
  TOLC_ECOLI         1.0     1.0     1.0     1.0     1.0     2.0     1.0     1.0
  PA1_ECOLI          1.0     1.0     1.0     1.0     1.0     2.0     1.0     1.0
  MULI_ECOLI         1.0     1.0     1.0     1.0     1.0     1.0     2.0     1.0
  NLPB_ECOLI         1.0     1.0     1.0     1.0     1.0     1.0     2.0     1.0
  NLPE_ECOLI         1.0     1.0     1.0     1.0     1.0     1.0     2.0     1.0
  PAL_ECOLI          1.0     1.0     1.0     1.0     1.0     1.0     2.0     1.0
  SLP_ECOLI          1.0     1.0     1.0     1.0     1.0     1.0     2.0     1.0
  AGP_ECOLI          1.0     1.0     1.0     1.0     1.0     1.0     1.0     2.0
  AMY1_ECOLI         1.0     1.0     1.0     1.0     1.0     1.0     1.0     2.0
  ARAF_ECOLI         1.0     1.0     1.0     1.0     1.0     1.0     1.0     2.0
  ASG2_ECOLI         1.0     1.0     1.0     1.0     1.0     1.0     1.0     2.0
  BGLX_ECOLI         1.0     1.0     1.0     1.0     1.0     1.0     1.0     2.0
  C562_ECOLI         1.0     1.0     1.0     1.0     1.0     1.0     1.0     2.0
  CN16_ECOLI         1.0     1.0     1.0     1.0     1.0     1.0     1.0     2.0
  CYPH_ECOLI         1.0     1.0     1.0     1.0     1.0     1.0     1.0     2.0
  CYSP_ECOLI         1.0     1.0     1.0     1.0     1.0     1.0     1.0     2.0
  DGAL_ECOLI         1.0     1.0     1.0     1.0     1.0     1.0     1.0     2.0
  DPPA_ECOLI         1.0     1.0     1.0     1.0     1.0     1.0     1.0     2.0
  DSBA_ECOLI         1.0     1.0     1.0     1.0     1.0     1.0     1.0     2.0
  DSBC_ECOLI         1.0     1.0     1.0     1.0     1.0     1.0     1.0     2.0
  ECOT_ECOLI         1.0     1.0     1.0     1.0     1.0     1.0     1.0     2.0
  ECPD_ECOLI         1.0     1.0     1.0     1.0     1.0     1.0     1.0     2.0
  FECB_ECOLI         1.0     1.0     1.0     1.0     1.0     1.0     1.0     2.0
  FECR_ECOLI         1.0     1.0     1.0     1.0     1.0     1.0     1.0     2.0
  FEPB_ECOLI         1.0     1.0     1.0     1.0     1.0     1.0     1.0     2.0
  FIMC_ECOLI         1.0     1.0     1.0     1.0     1.0     1.0     1.0     2.0
  GGT_ECOLI          1.0     1.0     1.0     1.0     1.0     1.0     1.0     2.0
  GLNH_ECOLI         1.0     1.0     1.0     1.0     1.0     1.0     1.0     2.0
  GLPQ_ECOLI         1.0     1.0     1.0     1.0     1.0     1.0     1.0     2.0
  HTRA_ECOLI         1.0     1.0     1.0     1.0     1.0     1.0     1.0     2.0
  LIVJ_ECOLI         1.0     1.0     1.0     1.0     1.0     1.0     1.0     2.0
  LIVK_ECOLI         1.0     1.0     1.0     1.0     1.0     1.0     1.0     2.0
  MALE_ECOLI         1.0     1.0     1.0     1.0     1.0     1.0     1.0     2.0
  MALM_ECOLI         1.0     1.0     1.0     1.0     1.0     1.0     1.0     2.0
  MEPA_ECOLI         1.0     1.0     1.0     1.0     1.0     1.0     1.0     2.0
  MODA_ECOLI         1.0     1.0     1.0     1.0     1.0     1.0     1.0     2.0
  NRFA_ECOLI         1.0     1.0     1.0     1.0     1.0     1.0     1.0     2.0
  NRFF_ECOLI         1.0     1.0     1.0     1.0     1.0     1.0     1.0     2.0
  OPPA_ECOLI         1.0     1.0     1.0     1.0     1.0     1.0     1.0     2.0
  OSMY_ECOLI         1.0     1.0     1.0     1.0     1.0     1.0     1.0     2.0
  POTD_ECOLI         1.0     1.0     1.0     1.0     1.0     1.0     1.0     2.0
  POTF_ECOLI         1.0     1.0     1.0     1.0     1.0     1.0     1.0     2.0
  PPA_ECOLI          1.0     1.0     1.0     1.0     1.0     1.0     1.0     2.0
  PPB_ECOLI          1.0     1.0     1.0     1.0     1.0     1.0     1.0     2.0
  PROX_ECOLI         1.0     1.0     1.0     1.0     1.0     1.0     1.0     2.0
  PSTS_ECOLI         1.0     1.0     1.0     1.0     1.0     1.0     1.0     2.0
  PTR_ECOLI          1.0     1.0     1.0     1.0     1.0     1.0     1.0     2.0
  RBSB_ECOLI         1.0     1.0     1.0     1.0     1.0     1.0     1.0     2.0
  SPEA_ECOLI         1.0     1.0     1.0     1.0     1.0     1.0     1.0     2.0
  SUBI_ECOLI         1.0     1.0     1.0     1.0     1.0     1.0     1.0     2.0
  TBPA_ECOLI         1.0     1.0     1.0     1.0     1.0     1.0     1.0     2.0
  TESA_ECOLI         1.0     1.0     1.0     1.0     1.0     1.0     1.0     2.0
  TOLB_ECOLI         1.0     1.0     1.0     1.0     1.0     1.0     1.0     2.0
  TORA_ECOLI         1.0     1.0     1.0     1.0     1.0     1.0     1.0     2.0
  TREA_ECOLI         1.0     1.0     1.0     1.0     1.0     1.0     1.0     2.0
  UGPB_ECOLI         1.0     1.0     1.0     1.0     1.0     1.0     1.0     2.0
  USHA_ECOLI         1.0     1.0     1.0     1.0     1.0     1.0     1.0     2.0
  XYLF_ECOLI         1.0     1.0     1.0     1.0     1.0     1.0     1.0     2.0
  YTFQ_ECOLI         1.0     1.0     1.0     1.0     1.0     1.0     1.0     2.0
  [total]          479.0   413.0   338.0   338.0   371.0   356.0   341.0   388.0

mcg
  mean            0.3632  0.4791  0.7455  0.7282  0.7255  0.6727  0.6981  0.6528
  std. dev.       0.1229  0.1938  0.1098  0.0231  0.1065  0.0676  0.0411  0.0896
  weight sum         143      77       2       2      35      20       5      52
  precision       0.0116  0.0116  0.0116  0.0116  0.0116  0.0116  0.0116  0.0116

gvh
  mean            0.4101  0.4974  0.5081  0.4742  0.4575  0.7093  0.5121  0.7001
  std. dev.       0.0894  0.0876  0.0203  0.0813  0.0913  0.1166  0.0423  0.1275
  weight sum         143      77       2       2      35      20       5      52
  precision       0.0135  0.0135  0.0135  0.0135  0.0135  0.0135  0.0135  0.0135

lip
  mean              0.52  0.5268    0.52    1.04  0.5349   0.546    1.04    0.52
  std. dev.       0.0867  0.0867  0.0867  0.0867  0.0867  0.1133  0.0867  0.0867
  weight sum         143      77       2       2      35      20       5      52
  precision         0.52    0.52    0.52    0.52    0.52    0.52    0.52    0.52

chg
  mean               0.5     0.5     0.5    0.75     0.5     0.5     0.5     0.5
  std. dev.       0.0833  0.0833  0.0833    0.25  0.0833  0.0833  0.0833  0.0833
  weight sum         143      77       2       2      35      20       5      52
  precision          0.5     0.5     0.5     0.5     0.5     0.5     0.5     0.5

acc
  mean            0.4549  0.5377  0.5386  0.4552  0.5605  0.7404  0.5432  0.4356
  std. dev.       0.0884  0.1141  0.0076  0.0607  0.1125  0.0905  0.1044  0.0863
  weight sum         143      77       2       2      35      20       5      52
  precision       0.0152  0.0152  0.0152  0.0152  0.0152  0.0152  0.0152  0.0152

alm1
  mean            0.3127  0.7565  0.6347  0.6407  0.7432  0.4628  0.5628  0.4686
  std. dev.       0.0989  0.1029  0.1198  0.1736  0.0838  0.0822  0.0169  0.0997
  weight sum         143      77       2       2      35      20       5      52
  precision        0.012   0.012   0.012   0.012   0.012   0.012   0.012   0.012

alm2
  mean            0.3946   0.731  0.5732  0.5666  0.7488  0.3042  0.2214   0.374
  std. dev.       0.0956  0.1656  0.2214   0.267   0.095  0.0823  0.1241  0.1169
  weight sum         143      77       2       2      35      20       5      52
  precision        0.013   0.013   0.013   0.013   0.013   0.013   0.013   0.013



Time taken to build model: 0.01 seconds

=== Stratified cross-validation ===
=== Summary ===

Correctly Classified Instances         286               85.119  %
Incorrectly Classified Instances        50               14.881  %
Kappa statistic                          0.7965
Mean absolute error                      0.0434
Root mean squared error                  0.1653
Relative absolute error                 23.7063 %
Root relative squared error             54.7848 %
Total Number of Instances              336     

=== Detailed Accuracy By Class ===

                 TP Rate  FP Rate  Precision  Recall   F-Measure  MCC      ROC Area  PRC Area  Class
                 0.958    0.036    0.951      0.958    0.955      0.921    0.986     0.973     cp
                 0.701    0.031    0.871      0.701    0.777      0.726    0.966     0.902     im
                 0.000    0.003    0.000      0.000    0.000      -0.004   0.148     0.005     imS
                 0.000    0.006    0.000      0.000    0.000      -0.006   0.058     0.006     imL
                 0.829    0.066    0.592      0.829    0.690      0.660    0.937     0.630     imU
                 0.900    0.009    0.857      0.900    0.878      0.870    0.996     0.964     om
                 0.600    0.000    1.000      0.600    0.750      0.772    0.996     0.883     omL
                 0.865    0.032    0.833      0.865    0.849      0.821    0.945     0.902     pp
Weighted Avg.    0.851    0.035    0.861      0.851    0.851      0.817    0.960     0.897     

=== Confusion Matrix ===

   a   b   c   d   e   f   g   h   <-- classified as
 137   2   0   0   0   0   0   4 |   a = cp
   3  54   1   0  18   0   0   1 |   b = im
   0   0   0   0   1   0   0   1 |   c = imS
   0   0   0   0   1   0   0   1 |   d = imL
   1   5   0   0  29   0   0   0 |   e = imU
   0   0   0   0   0  18   0   2 |   f = om
   0   0   0   2   0   0   3   0 |   g = omL
   3   1   0   0   0   3   0  45 |   h = pp

